2107883643792449915
2106052973398753517
2107123825003405642
2106398993425043688
2106051740114071930
2107523861122101487
2107873435879977388
2103931490367418867
2103932021135610177
2108466702468219337
2108165512022929881
2105928828128555507
2108302849570726291
2108272789354668297
2107992789745295830
2107993306609385747
2107919408492667287
2107897087975419926
2107897282821865822
2107683591241318888
2107565944587624469
2107284636569366997
2107022903753711995
2106838591574073700
2106839183088353323
2106111970902687900
2105947835707621680
2105948909994656124
2108196275254628736
2108073753041424568
2108002889402872025
2107982732416663704
2107911310721876045
2107886081081561356
2107868207084450166
2107861677874258193
2107861768072729059
2107837250914689396
2107827760752361645
2107620416202367408
2107592317146472870
2107592319700770820
2107546954586808387
2107546956998574419
2107546958915326353
2107546960798658664
2107479122616451274
2107340577448804488
2107285810538291637
2107285863726215177
2107285900216697016
2107285934635147702
2107273817425121491
2107275767914836199
2107259897595515215
2106919924476346618
2106922298657878503
2106783406508118110
2106452268962959669
2106431908955730252
2106432156100972990
2105866870423515429
2107250949375004674
2107847472420913509
2107805373918835075
2107135820604014653
2107140346576818474
2107275439936881029